14522
2
2
2
2
40
3
0
0
0
2599
1868
313
36 18
0 6 0 0
0 6 0 0
0 6 0 0
0 0 1 1
5 6 0 0
5 6 0 0
5 6 0 0
5 6 0 0
5 6 0 0
5 6 0 0
5 6 0 0
5 6 0 0
0 6 0 0
0 6 0 0
0 6 0 0
0 6 0 0
0 6 0 0
0 6 0 0
0 6 0 0
0 6 0 0
0 6 0 0
0 0 1 1
5 3 0 1
5 3 0 1
5 3 0 1
5 3 0 1
5 3 0 1
5 3 0 1
5 3 0 1
5 3 0 10
0 6 0 0
0 6 0 0
0 6 0 0
0 6 0 0
0 6 0 0
0 6 0 0
0 6 0 0
0 6 0 0
0 6 0 0
0 0 1 1
5 3 0 1
5 3 0 1
5 3 0 1
5 3 0 1
5 3 0 1
5 3 0 1
5 3 0 10
5 3 0 3
0 6 0 0
0 6 0 0
0 6 0 0
0 6 0 0
0 6 0 0
0 6 0 0
0 6 0 0
0 6 0 0
0 6 0 0
0 0 0 1
5 3 0 1
5 3 0 1
5 3 0 1
5 3 0 1
5 3 0 1
5 3 0 10
5 3 0 3
5 3 0 3
1 6 0 0
1 6 0 0
1 6 0 0
1 6 0 0
1 6 0 0
1 6 0 0
0 6 0 0
0 6 0 0
0 6 0 0
0 0 0 1
5 3 0 1
5 3 0 1
5 3 0 1
5 3 0 1
5 3 0 10
5 3 0 3
5 3 0 3
5 3 0 3
1 6 0 0
1 6 0 0
1 6 0 0
1 6 0 0
1 6 0 0
1 6 0 0
0 6 0 0
0 6 0 0
0 6 0 0
0 0 0 1
5 3 0 1
5 3 0 1
5 3 0 1
5 3 0 10
5 3 0 3
5 3 0 3
5 3 0 3
5 3 0 3
1 0 1 3
1 0 0 3
1 0 1 3
1 0 1 3
1 6 0 0
1 6 0 0
0 6 0 0
0 6 0 0
0 6 0 0
0 0 0 1
5 3 0 1
5 3 0 1
5 3 0 10
5 3 0 3
5 3 0 3
5 3 0 3
5 3 0 3
5 3 0 3
5 3 0 3
5 3 0 3
5 3 0 3
5 3 0 3
5 6 0 0
5 6 0 0
0 6 0 0
0 6 0 0
0 6 0 0
0 0 1 1
5 3 0 1
5 3 0 10
5 3 0 3
5 3 0 3
5 3 0 3
5 3 0 3
5 3 0 3
5 3 0 3
5 3 0 3
5 3 0 3
5 3 0 3
5 3 0 3
5 6 0 0
5 6 0 0
0 0 1 3
0 0 1 3
0 0 1 3
0 0 1 3
5 6 0 0
5 3 0 3
5 3 0 3
5 3 0 3
5 3 0 3
5 3 0 3
5 3 0 3
5 3 0 3
5 3 0 3
5 3 0 3
5 3 0 3
5 3 0 3
5 6 0 0
5 6 0 0
0 3 0 3
0 3 0 3
0 3 0 3
0 3 0 3
5 6 0 0
5 4 0 0
5 3 0 3
5 3 0 3
5 3 0 3
5 3 0 3
5 3 0 3
5 3 0 3
5 3 0 3
5 3 0 3
5 3 0 3
5 3 0 3
5 6 0 0
5 6 0 0
5 3 0 3
5 3 0 3
5 3 0 3
5 3 0 3
5 6 0 0
5 6 0 0
5 3 0 3
5 3 0 3
5 3 0 3
5 3 0 3
5 3 0 3
5 3 0 3
5 3 0 3
5 3 0 3
5 3 0 3
5 3 0 3
5 6 0 0
5 6 0 0
5 3 0 3
5 3 0 3
5 3 0 3
5 3 0 3
5 6 0 0
5 6 0 0
5 3 0 3
5 3 0 3
5 3 0 3
5 3 0 3
5 3 0 3
5 3 0 3
5 3 0 3
5 3 0 3
5 3 0 3
5 3 0 3
5 6 0 0
5 6 0 0
5 3 0 3
5 3 0 3
5 3 0 3
5 1 0 3
5 2 0 0
5 6 0 0
5 3 0 3
5 3 0 3
5 3 0 3
5 3 0 3
5 3 0 3
5 3 0 3
5 3 0 3
5 3 0 3
5 3 0 3
5 3 0 3
5 6 0 0
5 6 0 0
5 3 0 3
5 3 0 3
5 3 0 3
5 3 0 3
5 3 0 3
5 6 0 0
5 3 0 3
5 3 0 3
5 3 0 3
5 3 0 3
5 3 0 3
5 3 0 3
5 3 0 3
5 3 0 3
5 3 0 3
5 3 0 3
5 6 0 0
5 6 0 0
5 3 0 3
5 3 0 3
5 3 0 3
5 3 0 3
5 5 0 3
5 6 0 0
5 6 0 0
5 6 0 0
5 6 0 0
5 6 0 0
5 6 0 0
5 6 0 0
5 6 0 0
5 6 0 0
5 3 0 3
5 3 0 3
5 6 0 0
5 6 0 0
5 3 0 3
5 3 0 3
5 3 0 3
5 3 0 3
5 3 0 5
5 6 0 0
6 6 0 0
6 6 0 0
6 6 0 0
6 6 0 0
6 6 0 0
6 6 0 0
6 6 0 0
5 3 0 9
5 3 0 3
5 3 0 3
5 6 0 0
5 6 0 0
5 3 0 3
5 3 0 3
5 3 0 3
5 3 0 5
5 3 0 1
5 6 0 0
6 6 0 0
6 6 0 0
6 6 0 0
6 6 0 0
6 6 0 0
6 6 0 0
6 6 0 0
5 6 0 0
5 3 0 9
5 3 0 3
5 6 0 0
5 6 0 0
5 3 0 3
5 3 0 3
5 3 0 5
5 3 0 1
5 3 0 1
5 6 0 0
6 6 0 0
6 6 0 0
6 6 0 0
6 6 0 0
6 6 0 0
6 6 0 0
6 6 0 0
5 6 0 0
5 3 0 0
5 3 0 9
5 6 0 0
5 6 0 0
5 3 0 3
5 3 0 5
5 3 0 1
5 3 0 1
5 3 0 1
5 6 0 0
6 6 0 0
6 6 0 0
6 6 0 0
6 6 0 0
6 6 0 0
6 6 0 0
6 6 0 0
5 6 0 0
5 6 0 0
5 6 0 0
5 6 0 0
5 6 0 0
5 3 0 5
5 3 0 1
5 3 0 1
5 3 0 1
5 3 0 1
5 6 0 0
6 6 0 0
6 6 0 0
6 6 0 0
6 6 0 0
6 6 0 0
6 6 0 0
6 6 0 0
5 6 0 0
5 6 0 0
5 6 0 0
5 6 0 0
5 6 0 0
5 6 0 0
5 6 0 0
5 6 0 0
5 6 0 0
5 6 0 0
5 6 0 0
6 6 0 0
6 6 0 0
6 6 0 0
6 6 0 0
6 6 0 0
6 6 0 0
6 6 0 0
5 6 0 0
5 6 0 0
5 6 0 0
5 6 0 0
5 6 0 0
5 6 0 0
5 6 0 0
5 6 0 0
5 6 0 0
5 6 0 0
5 3 0 11
6 6 0 0
6 6 0 0
6 6 0 0
6 6 0 0
6 6 0 0
6 6 0 0
6 6 0 0
5 6 0 0
5 6 0 0
5 6 0 0
5 6 0 0
5 6 0 0
5 6 0 0
5 6 0 0
5 6 0 0
5 6 0 0
5 6 0 0
5 3 0 2
5 3 0 2
5 3 0 2
5 3 0 2
5 3 0 2
5 3 0 2
5 3 0 2
5 3 0 2
5 6 0 0
5 6 0 0
5 6 0 0
5 6 0 0
5 6 0 0
5 6 0 0
5 6 0 0
5 6 0 0
5 6 0 0
5 6 0 0
5 6 0 0
5 6 0 0
5 6 0 0
5 6 0 0
5 6 0 0
5 6 0 0
5 6 0 0
5 6 0 0
5 6 0 0
5 6 0 0
5 6 0 0
5 6 0 0
5 6 0 0
5 6 0 0
5 6 0 0
5 6 0 0
5 6 0 0
5 6 0 0
5 3 0 2
5 3 0 2
5 3 0 2
5 3 0 2
5 3 0 2
5 3 0 2
5 3 0 2
5 3 0 2
5 6 0 0
5 6 0 0
5 6 0 0
5 6 0 0
5 6 0 0
5 6 0 0
5 6 0 0
5 6 0 0
5 6 0 0
5 6 0 0
5 3 0 2
5 3 0 2
5 3 0 2
5 3 0 2
5 3 0 2
5 3 0 2
5 3 0 2
5 3 0 8
5 3 0 0
5 3 0 0
5 3 0 0
5 3 0 7
5 6 0 0
5 6 0 0
5 6 0 0
5 6 0 0
5 6 0 0
5 6 0 0
5 3 0 2
5 3 0 2
5 3 0 2
5 3 0 2
5 3 0 2
5 3 0 2
5 3 0 8
5 3 0 0
5 3 0 0
5 3 0 0
5 3 0 7
5 3 0 2
5 6 0 0
5 6 0 0
5 6 0 0
5 6 0 0
5 6 0 0
5 6 0 0
5 3 0 2
5 3 0 2
5 3 0 2
5 3 0 2
5 3 0 2
5 3 0 8
5 3 0 0
5 3 0 0
5 3 0 0
1 0 1 0
1 0 1 2
1 0 0 2
1 6 0 0
5 6 0 0
5 6 0 0
5 6 0 0
5 6 0 0
5 6 0 0
5 3 0 2
5 3 0 2
5 3 0 2
5 3 0 2
5 3 0 8
5 3 0 0
5 3 0 0
5 3 0 0
5 3 0 0
1 0 1 0
1 6 0 0
1 6 0 0
1 6 0 0
5 6 0 0
5 6 0 0
5 6 0 0
5 6 0 0
5 6 0 0
5 3 0 2
5 3 0 2
5 3 0 2
5 3 0 8
5 3 0 0
5 3 0 0
5 3 0 0
5 3 0 0
5 3 0 0
1 0 0 0
1 6 0 0
1 6 0 0
1 6 0 0
5 6 0 0
5 6 0 0
5 6 0 0
5 6 0 0
5 6 0 0
5 3 0 2
5 3 0 2
5 3 0 8
5 3 0 0
5 3 0 0
5 3 0 0
5 3 0 0
5 3 0 0
5 3 0 0
1 0 0 0
1 6 0 0
1 6 0 0
1 6 0 0
5 6 0 0
5 6 0 0
5 6 0 0
5 6 0 0
5 6 0 0
5 3 0 2
5 3 0 8
5 3 0 0
5 3 0 0
5 3 0 0
5 3 0 0
5 3 0 0
5 3 0 0
5 3 0 0
1 0 0 0
1 6 0 0
1 6 0 0
1 6 0 0
5 6 0 0
5 6 0 0
5 6 0 0
5 6 0 0
5 6 0 0
5 3 0 8
5 3 0 0
5 3 0 0
5 3 0 0
5 3 0 0
5 3 0 0
5 3 0 0
5 3 0 0
5 3 0 0
1 0 0 0
1 6 0 0
1 6 0 0
1 6 0 0
5 6 0 0
5 6 0 0
5 6 0 0
5 6 0 0
5 6 0 0
5 3 0 0
5 3 0 0
5 3 0 0
5 3 0 0
5 3 0 0
5 3 0 0
5 3 0 0
5 3 0 0
5 3 0 0
1 0 1 0
1 6 0 0
1 6 0 0
1 6 0 0
5 6 0 0
5 6 0 0
5 6 0 0
5 6 0 0
5 6 0 0
5 6 0 0
5 6 0 0
5 6 0 0
5 6 0 0
5 6 0 0
5 6 0 0
5 6 0 0
5 6 0 0
5 6 0 0
1 6 0 0
1 6 0 0
1 6 0 0
1 6 0 0
5 6 0 0
5 6 0 0
5 6 0 0
5 6 0 0
5 6 0 0
5 6 0 0
5 6 0 0
5 6 0 0
5 6 0 0
5 6 0 0
5 6 0 0
5 6 0 0
5 6 0 0
5 6 0 0
1 6 0 0
1 6 0 0
1 6 0 0
1 6 0 0
